Прогноз погоды для Нижнего Новгорода (56°N, 44°E)
----------------------------------------------------------
№     Дата/время           Температура °C  Осадки (мм)    
----------------------------------------------------------
1     2026-05-20T00:00     18,7            0,0            
2     2026-05-20T01:00     18,1            0,0            
3     2026-05-20T02:00     17,5            0,0            
4     2026-05-20T03:00     15,9            0,0            
5     2026-05-20T04:00     15,5            0,0            
6     2026-05-20T05:00     16,2            0,0            
7     2026-05-20T06:00     18,5            0,0            
8     2026-05-20T07:00     20,3            0,0            
9     2026-05-20T08:00     22,0            0,0            
10    2026-05-20T09:00     24,4            0,0            
11    2026-05-20T10:00     26,1            0,0            
12    2026-05-20T11:00     27,9            0,0            
13    2026-05-20T12:00     29,0            0,0            
14    2026-05-20T13:00     29,6            0,0            
15    2026-05-20T14:00     29,8            0,0            
16    2026-05-20T15:00     29,9            0,0            
17    2026-05-20T16:00     29,3            0,0            
18    2026-05-20T17:00     28,9            0,0            
19    2026-05-20T18:00     27,9            0,0            
20    2026-05-20T19:00     26,3            0,0            
21    2026-05-20T20:00     22,9            0,0            
22    2026-05-20T21:00     20,9            0,0            
23    2026-05-20T22:00     19,9            0,0            
24    2026-05-20T23:00     19,5            0,0            
----------------------------------------------------------
